((("value" .
   [1 0 0 0 0])
  ("append" .
   [1 0 0 0 0 0])
  ("values" .
   [2 0 0 0 0 0])
  ("elif" .
   [1 0 0 0])
  ("not" .
   [1 0 0])
  ("previousTag" .
   [0 0 0 1 0 0 0 0 0 0 0])
  ("tag" .
   [3 0 0])
  ("newElem" .
   [0 0 0 1 1 0 0])
  ("else" .
   [3 0 0 0])
  ("print" .
   [1 0 0 0 0])
  ("event" .
   [2 0 0 0 0])
  ("if" .
   [4 0])
  ("None" .
   [1 0 0 0])
  ("elem" .
   [2 0 0 1])
  ("while" .
   [1 0 0 0 0])
  ("def" .
   [1 0 0])
  ("return" .
   [3 0 0 0 0 0])
  ("add-to-list" .
   [0 0 0 0 0 0 2 0 0 0 0])
  ("load-path" .
   [0 0 0 0 1 1 0 0 0])
  ("setq" .
   [1 0 0 0])
  ("auto-mode-alist" .
   [0 0 0 0 0 0 0 0 0 1 0 0 0 0 0])
  ("cons" .
   [1 0 0 0])
  ("autoload" .
   [0 0 1 0 0 0 0 0])
  ("150" .
   [0 0 1])
  ("600" .
   [1 0 0])))
